kettle:126.30000000000001:100
kettle:140.60000000000002:100
car:154.9:100
dishwasher:156.0:100
kettle:156.0:100
