kettle:113.10000000000001:100
car:125.2:0
dishwasher:126.30000000000001:102
